[0m[38;2;238;238;238m [38;2;237;237;237m [38;2;237;237;237m [38;2;237;237;237m [38;2;236;236;236m [38;2;237;237;237m [38;2;238;238;238m [38;2;237;237;237m [38;2;235;235;235m [38;2;237;237;237m [38;2;122;117;118mc[38;2;240;225;228mN[38;2;237;223;227mN[38;2;239;224;228mN[38;2;240;225;228mN[38;2;142;135;137mo[38;2;235;235;235m [38;2;237;237;237m [38;2;237;237;237m [38;2;237;237;237m [38;2;228;228;228m [38;2;254;254;254m [0m
[0m[38;2;237;237;237m [38;2;255;255;255m      [38;2;1;1;1m [38;2;243;235;237mW[38;2;215;189;198m0[38;2;193;150;165mx[38;2;183;134;151md[38;2;179;126;145mo[38;2;182;128;147md[38;2;185;132;150md[38;2;192;144;161mx[38;2;208;175;185mO[38;2;234;220;224mX[38;2;80;79;80m,[38;2;251;251;251m [38;2;202;202;202m [38;2;253;253;253m [0m
[0m[38;2;237;237;237m [38;2;255;255;255m    [38;2;8;8;8m [38;2;208;208;217mK[38;2;147;162;183mx[38;2;169;137;155md[38;2;180;127;146md[38;2;178;126;145mo[38;2;180;126;146mo[38;2;183;128;147md[38;2;181;126;145mo[38;2;181;126;146mo[38;2;182;129;148md[38;2;183;127;146md[38;2;179;126;145mo[38;2;202;165;178mk[38;2;116;114;115mc[38;2;202;202;202m [38;2;253;253;253m [0m
[0m[38;2;237;237;237m [38;2;255;255;255m  [38;2;157;155;155md[38;2;197;183;188mO[38;2;136;120;122ml[38;2;137;138;124mo[38;2;79;109;122m:[38;2;144;118;141ml[38;2;182;128;147md[38;2;176;124;143mo[38;2;167;117;136mo[38;2;158;111;129ml[38;2;166;117;136mo[38;2;172;123;142mo[38;2;183;128;148md[38;2;180;125;145mo[38;2;183;127;147md[38;2;179;124;144mo[38;2;200;165;177mk[38;2;8;7;8m [38;2;253;253;253m [0m
[0m[38;2;237;237;237m [38;2;255;255;255m [38;2;252;252;252m [38;2;32;29;30m.[38;2;245;245;245m [38;2;230;230;230m [38;2;158;132;110mo[38;2;155;119;109ml[38;2;173;125;143mo[38;2;179;124;144mo[38;2;154;118;135ml[38;2;92;83;102m;[38;2;151;120;134ml[38;2;174;153;158mx[38;2;176;125;144mo[38;2;176;124;143mo[38;2;158;111;129ml[38;2;174;121;141mo[38;2;177;123;143mo[38;2;186;145;159mx[38;2;33;29;30m.[38;2;253;253;253m [0m
[0m[38;2;236;236;236m [38;2;255;255;255m  [38;2;255;255;255m [38;2;255;255;255m [38;2;47;47;47m.[38;2;194;147;162mx[38;2;166;114;136ml[38;2;161;114;134ml[38;2;182;126;146md[38;2;171;145;150md[38;2;167;166;169mx[38;2;185;174;174mk[38;2;183;165;167mk[38;2;155;124;141mo[38;2;103;100;118m:[38;2;151;116;130ml[38;2;152;105;128ml[38;2;172;120;140mo[38;2;181;147;157mx[38;2;26;23;23m [38;2;253;253;253m [0m
[0m[38;2;235;235;235m [38;2;255;255;255m    [38;2;132;126;127ml[38;2;185;136;154md[38;2;128;85;113m:[38;2;156;112;134ml[38;2;182;127;146md[38;2;185;169;170mk[38;2;188;175;173mk[38;2;182;160;159mx[38;2;189;177;175mO[38;2;187;170;168mk[38;2;179;167;172mk[38;2;118;84;111m;[38;2;163;115;135ml[38;2;62;52;56m.[38;2;207;207;207m [38;2;203;203;203m [38;2;253;253;253m [0m
[0m[38;2;236;236;236m [38;2;255;255;255m   [38;2;44;44;44m.[38;2;214;193;200m0[38;2;177;132;147md[38;2;151;113;130ml[38;2;151;108;130ml[38;2;182;127;147md[38;2;152;119;132ml[38;2;168;151;154mx[38;2;179;162;164mx[38;2;165;145;154md[38;2;151;127;141mo[38;2;122;86;114m:[38;2;126;85;114m:[38;2;186;137;154md[38;2;24;24;24m [38;2;248;248;248m [38;2;202;202;202m [38;2;253;253;253m [0m
[0m[38;2;237;237;237m [38;2;255;255;255m [38;2;187;183;184mO[38;2;219;198;203mK[38;2;196;159;166mk[38;2;176;139;147md[38;2;160;114;131ml[38;2;162;127;140mo[38;2;165;138;146md[38;2;158;112;130ml[38;2;150;107;125ml[38;2;138;100;117mc[38;2;109;69;92m,[38;2;127;79;106m;[38;2;124;81;108m;[38;2;130;92;116m:[38;2;147;102;126mc[38;2;154;123;133mo[38;2;254;254;254m [38;2;246;246;246m [38;2;202;202;202m [38;2;253;253;253m [0m
[0m[38;2;234;234;234m [38;2;58;57;58m.[38;2;185;155;164mx[38;2;161;118;131ml[38;2;180;138;146md[38;2;184;148;153mx[38;2;174;147;152md[38;2;172;150;156mx[38;2;181;167;167mk[38;2;115;101;110m:[38;2;73;57;71m.[38;2;67;54;69m.[38;2;53;41;56m.[38;2;125;78;103m;[38;2;142;91;115m:[38;2;175;133;142md[38;2;152;110;128ml[38;2;123;106;112mc[38;2;255;255;255m [38;2;247;247;247m [38;2;202;202;202m [38;2;253;253;253m [0m
[0m[38;2;233;233;233m [38;2;101;96;97m;[38;2;160;119;131ml[38;2;158;113;128ml[38;2;186;142;150md[38;2;181;138;146md[38;2;175;138;147md[38;2;182;172;171mk[38;2;158;137;143mo[38;2;154;138;142mo[38;2;62;58;69m.[38;2;49;49;60m.[38;2;61;60;71m.[38;2;115;79;99m;[38;2;147;104;124mc[38;2;179;155;158mx[38;2;151;115;127ml[38;2;209;184;193m0[38;2;248;243;244mW[38;2;17;16;17m [38;2;202;202;202m [38;2;253;253;253m [0m
[0m[38;2;233;233;233m [38;2;133;124;126ml[38;2;174;131;141md[38;2;159;119;130ml[38;2;186;142;150md[38;2;171;126;137mo[38;2;157;116;133ml[38;2;187;176;175mk[38;2;133;115;122mc[38;2;79;76;87m,[38;2;80;80;90m,[38;2;102;101;111m:[38;2;94;92;101m;[38;2;143;129;135mo[38;2;175;159;162mx[38;2;179;165;165mk[38;2;156;123;136mo[38;2;163;138;146mo[38;2;218;218;218m [38;2;247;247;247m [38;2;202;202;202m [38;2;253;253;253m [0m
[0m[38;2;233;233;233m [38;2;165;147;152mx[38;2;187;142;150md[38;2;135;91;112m:[38;2;172;124;138mo[38;2;171;128;140mo[38;2;182;168;169mk[38;2;191;181;179mO[38;2;112;104;110m:[38;2;54;53;65m.[38;2;68;68;79m'[38;2;93;91;101m;[38;2;101;101;110m:[38;2;151;142;144mo[38;2;149;123;132ml[38;2;146;119;130ml[38;2;144;92;115mc[38;2;160;122;138mo[38;2;46;46;46m.[38;2;244;244;244m [38;2;202;202;202m [38;2;253;253;253m [0m
[0m[38;2;14;14;14m [38;2;194;164;171mk[38;2;187;142;150md[38;2;142;98;116mc[38;2;165;118;135mo[38;2;157;114;129ml[38;2;183;170;170mk[38;2;191;181;179mO[38;2;71;65;76m'[38;2;49;48;60m.[38;2;48;48;59m.[38;2;60;60;70m.[38;2;60;58;69m.[38;2;94;87;96m;[38;2;159;130;141mo[38;2;117;81;101m;[38;2;155;106;125ml[38;2;146;105;123mc[38;2;86;83;83m,[38;2;245;245;245m [38;2;202;202;202m [38;2;253;253;253m [0m
[0m[38;2;61;56;58m.[38;2;186;154;161mx[38;2;186;142;150mx[38;2;135;92;113m:[38;2;173;128;141mo[38;2;141;90;114m:[38;2;141;103;120mc[38;2;109;95;104m:[38;2;32;30;45m.[38;2;47;45;58m.[38;2;45;44;56m.[38;2;49;48;59m.[38;2;43;42;54m.[38;2;47;46;57m.[38;2;87;64;82m'[38;2;95;57;87m'[38;2;148;106;123mc[38;2;142;98;119mc[38;2;119;109;112mc[38;2;248;248;248m [38;2;202;202;202m [38;2;253;253;253m [0m
[0m[38;2;93;85;87m;[38;2;188;148;155mx[38;2;184;144;151mx[38;2;162;116;131ml[38;2;172;124;138mo[38;2;147;93;119mc[38;2;127;95;106m:[38;2;32;30;45m.[38;2;32;30;45m.[38;2;46;45;57m.[38;2;38;36;50m.[38;2;49;48;60m.[38;2;40;38;51m.[38;2;47;46;58m.[38;2;51;39;58m.[38;2;91;51;85m'[38;2;123;86;107m:[38;2;141;96;117mc[38;2;170;148;153mx[38;2;248;248;248m [38;2;202;202;202m [38;2;253;253;253m [0m
[0m[38;2;159;137;142mo[38;2;187;142;150md[38;2;178;134;143md[38;2;149;106;125mc[38;2;175;127;140mo[38;2;141;85;113m:[38;2;168;125;135mo[38;2;32;30;45m.[38;2;40;39;52m.[38;2;42;40;54m.[38;2;35;34;47m.[38;2;40;38;52m.[38;2;45;44;56m.[38;2;47;47;58m.[38;2;39;34;50m.[38;2;91;52;85m'[38;2;109;75;99m;[38;2;141;94;116mc[38;2;199;163;171mk[38;2;7;7;7m [38;2;202;202;202m [38;2;253;253;253m [0m
[0m[38;2;180;150;157mx[38;2;187;143;150mx[38;2;163;117;131ml[38;2;145;101;121mc[38;2;177;130;142md[38;2;141;86;113m:[38;2;178;133;142md[38;2;32;30;45m.[38;2;41;39;53m.[38;2;39;38;52m.[38;2;41;39;53m.[38;2;38;37;50m.[38;2;49;48;60m.[38;2;47;46;58m.[38;2;31;29;44m.[38;2;90;52;85m'[38;2;107;72;99m,[38;2;143;100;120mc[38;2;178;147;154mx[38;2;250;250;250m [38;2;202;202;202m [38;2;253;253;253m [0m
[0m[38;2;179;148;155mx[38;2;187;143;151mx[38;2;160;109;128ml[38;2;147;115;127ml[38;2;185;140;148md[38;2;164;115;132ml[38;2;175;131;140md[38;2;32;30;46m.[38;2;32;30;45m.[38;2;45;44;57m.[38;2;46;45;57m.[38;2;48;47;59m.[38;2;49;48;59m.[38;2;40;39;53m.[38;2;33;32;48m.[38;2;80;48;79m.[38;2;104;68;99m,[38;2;81;65;71m'[38;2;198;198;198m [38;2;251;251;251m [38;2;202;202;202m [38;2;253;253;253m [0m
[0m[38;2;126;105;109m:[38;2;174;127;140mo[38;2;99;80;87m;[38;2;135;112;117mc[38;2;187;143;150mx[38;2;186;142;150md[38;2;159;113;128ml[38;2;40;39;57m.[38;2;50;52;66m.[38;2;51;52;65m.[38;2;56;57;71m.[38;2;51;51;65m.[38;2;58;60;74m.[38;2;60;62;76m.[38;2;60;62;76m.[38;2;66;49;73m.[38;2;108;74;102m;[38;2;119;110;114mc[38;2;255;255;255m [38;2;250;250;250m [38;2;202;202;202m [38;2;253;253;253m [0m
[0m[38;2;227;227;227m [38;2;207;207;207m [38;2;234;234;234m [38;2;95;89;91m;[38;2;128;104;117mc[38;2;147;108;123mc[38;2;171;127;138mo[38;2;49;49;66m.[38;2;62;64;78m'[38;2;57;59;73m.[38;2;62;64;77m'[38;2;54;55;70m.[38;2;62;64;78m'[38;2;57;58;72m.[38;2;61;63;77m'[38;2;55;56;70m.[38;2;121;108;117mc[38;2;234;234;234m [38;2;255;255;255m [38;2;252;252;252m [38;2;202;202;202m [38;2;253;253;253m [0m
[0m[38;2;235;235;235m [38;2;255;255;255m  [38;2;109;104;106m:[38;2;72;70;86m'[38;2;38;37;57m.[38;2;52;46;65m.[38;2;48;48;64m.[38;2;62;64;77m'[38;2;55;55;70m.[38;2;62;63;77m'[38;2;59;60;74m.[38;2;62;64;77m'[38;2;57;58;72m.[38;2;61;62;77m.[38;2;56;58;72m.[38;2;130;120;130ml[38;2;255;255;255m [38;2;255;255;255m [38;2;252;252;252m [38;2;209;209;209m [38;2;254;254;254m [0m
