[0m[38;2;0;0;0m                                                  [0m
[0m[38;2;0;0;0m                                                  [0m
[0m[38;2;0;0;0m                       [38;2;1;1;2m [38;2;69;118;142m:[38;2;2;3;4m [38;2;0;0;0m                        [0m
[0m[38;2;0;0;0m                      [38;2;0;0;0m [38;2;73;126;152mc[38;2;113;199;242mk[38;2;84;145;176ml[38;2;1;1;1m [38;2;0;0;0m                       [0m
[0m[38;2;0;0;0m                      [38;2;52;88;106m,[38;2;113;199;242mkkk[38;2;73;127;153mc[38;2;1;1;1m [38;2;4;4;4m [38;2;0;0;0m                     [0m
[0m[38;2;0;0;0m                     [38;2;32;55;66m.[38;2;113;198;241mk[38;2;113;199;242mkkkk[38;2;99;166;200md[38;2;10;10;10m [38;2;0;0;0m                     [0m
[0m[38;2;0;0;0m                    [38;2;23;39;47m.[38;2;110;194;235mk[38;2;113;199;242mkkkkk[38;2;113;199;242mk[38;2;54;92;111m,[38;2;0;0;0m                     [0m
[0m[38;2;0;0;0m           [38;2;1;2;3m [38;2;55;103;127m;[38;2;63;114;139m:[38;2;31;53;63m.[38;2;23;39;46m.[38;2;10;16;19m [38;2;0;0;0m  [38;2;18;30;36m.[38;2;109;190;231mk[38;2;113;199;242mkkkkkkk[38;2;113;199;242mk[38;2;50;85;102m,[38;2;0;0;0m        [38;2;0;0;0m [38;2;3;5;6m [38;2;1;1;2m [38;2;0;0;0m         [0m
[0m[38;2;0;0;0m           [38;2;0;0;0m [38;2;37;69;86m'[38;2;34;152;211ml[38;2;42;157;214ml[38;2;54;164;219mo[38;2;70;173;225md[38;2;88;172;214md[38;2;75;130;157mc[38;2;41;70;84m'[38;2;105;105;105m [38;2;64;112;137m:[38;2;113;199;242mkkkkkkk[38;2;113;199;242mk[38;2;57;98;119m;[38;2;27;46;56m.[38;2;51;88;106m,[38;2;71;124;150mc[38;2;80;143;174ml[38;2;59;135;173mc[38;2;45;127;168m:[38;2;40;124;166m:[38;2;81;157;195mo[38;2;88;88;88m [38;2;11;11;11m [38;2;0;0;0m         [0m
[0m[38;2;0;0;0m            [38;2;16;27;33m [38;2;48;160;216ml[38;2;34;152;211ml[38;2;34;152;211ml[38;2;55;165;219mo[38;2;79;179;229md[38;2;109;196;240mk[38;2;113;199;242mk[38;2;89;154;187mo[38;2;65;112;135m:[38;2;79;136;164ml[38;2;49;86;104m,[38;2;113;199;242mkkkkkk[38;2;113;199;242mk[38;2;113;199;242mkk[38;2;101;192;237mk[38;2;53;163;218mo[38;2;34;152;211ml[38;2;34;152;211ml[38;2;47;160;216ml[38;2;2;4;5m [38;2;0;0;0m           [0m
[0m[38;2;0;0;0m            [38;2;8;12;15m [38;2;108;195;239mk[38;2;68;172;224md[38;2;82;181;230mx[38;2;112;198;242mk[38;2;113;199;242mkkkkkk[38;2;109;192;233mk[38;2;112;194;235mk[38;2;113;199;242mkkkkkkkk[38;2;113;199;242mk[38;2;71;174;226md[38;2;35;153;211ml[38;2;55;165;219mo[38;2;27;48;59m.[38;2;0;0;0m [38;2;0;0;0m           [0m
[0m[38;2;0;0;0m            [38;2;3;3;3m [38;2;77;77;77m [38;2;3;5;6m [38;2;113;199;242mk[38;2;108;193;235mk[38;2;71;144;181ml[38;2;92;172;211md[38;2;112;197;240mk[38;2;113;199;242mkkkkkkkkkk[38;2;113;199;242mk[38;2;96;177;218mx[38;2;73;146;183ml[38;2;103;185;227mx[38;2;59;105;128m;[38;2;119;119;119m [38;2;66;66;66m [38;2;7;7;7m [38;2;0;0;0m            [0m
[0m[38;2;0;0;0m              [38;2;40;67;81m.[38;2;113;199;242mk[38;2;113;199;242mk[38;2;108;192;234mk[38;2;83;160;198mo[38;2;48;113;146m;[38;2;59;128;162mc[38;2;112;197;240mk[38;2;113;199;242mk[38;2;108;193;235mk[38;2;110;195;237mk[38;2;109;194;236mk[38;2;107;191;233mk[38;2;113;199;242mk[38;2;111;197;240mk[38;2;63;133;168mc[38;2;46;111;144m;[38;2;77;152;189mo[38;2;106;189;231mk[38;2;113;199;242mk[38;2;82;142;172ml[38;2;3;3;3m [38;2;0;0;0m              [0m
[0m[38;2;0;0;0m             [38;2;53;90;109m,[38;2;113;198;240mk[38;2;113;199;242mk[38;2;108;192;234mk[38;2;69;141;177ml[38;2;65;136;172mc[38;2;86;161;198mo[38;2;127;199;235mO[38;2;151;217;249m0[38;2;155;215;244m0[38;2;34;94;124m,[38;2;54;122;156m:[38;2;56;124;158m:[38;2;39;98;128m,[38;2;146;211;243m0[38;2;141;212;247m0[38;2;121;200;239mO[38;2;85;162;200mo[38;2;66;137;172mc[38;2;68;139;175ml[38;2;103;186;227mx[38;2;113;199;242mk[38;2;78;134;163mc[38;2;1;1;2m [38;2;0;0;0m             [0m
[0m[38;2;0;0;0m           [38;2;1;1;1m [38;2;64;110;133m:[38;2;113;199;242mk[38;2;120;198;240mk[38;2;153;192;231mO[38;2;167;189;227mO[38;2;161;194;232mO[38;2;184;199;232m0[38;2;197;214;241mK[38;2;180;230;255mX[38;2;137;175;194mx[38;2;138;138;138m [38;2;59;59;59m [38;2;31;31;31m [38;2;45;45;45m [38;2;110;110;110m [38;2;106;135;150ml[38;2;180;230;255mXX[38;2;184;212;241mK[38;2;183;197;230m0[38;2;164;190;228mO[38;2;163;190;228mO[38;2;158;191;229mO[38;2;129;196;238mO[38;2;86;149;180ml[38;2;3;5;6m [38;2;0;0;0m            [0m
[0m[38;2;0;0;0m         [38;2;0;0;0m [38;2;8;23;30m [38;2;73;126;153mc[38;2;113;199;242mkkk[38;2;121;203;243mO[38;2;137;210;247m0[38;2;176;228;254mX[38;2;180;230;255mXX[38;2;153;196;217mO[38;2;8;10;11m [38;2;1;1;1m [38;2;0;0;0m    [38;2;31;31;31m [38;2;104;132;146ml[38;2;180;230;255mXX[38;2;180;230;255mX[38;2;162;222;252mK[38;2;136;210;246m0[38;2;113;199;242mk[38;2;113;199;242mkk[38;2;92;166;202md[38;2;23;79;107m'[38;2;88;88;88m [38;2;88;88;88m [38;2;87;87;87m [38;2;85;85;85m [38;2;87;87;87m [38;2;5;21;28m [38;2;24;99;137m,[38;2;19;79;109m'[38;2;14;53;72m.[38;2;3;10;13m [38;2;0;0;0m [0m
[0m[38;2;0;0;0m     [38;2;1;1;2m [38;2;10;38;52m.[38;2;19;74;102m.[38;2;23;94;130m'[38;2;13;47;63m.[38;2;89;185;233mx[38;2;113;199;242mkkkk[38;2;152;217;249m0[38;2;180;230;255mX[38;2;180;230;255mX[38;2;180;230;255mX[38;2;180;230;255mX[38;2;17;21;24m [38;2;2;2;2m [38;2;3;6;8m [38;2;8;29;39m [38;2;13;48;66m.[38;2;16;66;90m.[38;2;20;83;114m'[38;2;25;101;139m,[38;2;3;7;8m [38;2;180;230;255mX[38;2;180;230;255mXXX[38;2;170;225;253mK[38;2;114;199;242mk[38;2;113;199;242mkkk[38;2;99;172;209md[38;2;10;17;20m [38;2;0;0;0m    [38;2;0;0;0m [38;2;9;27;36m [38;2;24;92;126m,[38;2;35;149;206mc[38;2;1;5;7m [38;2;0;0;0m [0m
[0m[38;2;0;0;0m   [38;2;5;19;25m [38;2;22;90;124m'[38;2;11;43;59m.[38;2;73;73;73m [38;2;39;39;39m [38;2;10;20;24m [38;2;94;163;197md[38;2;113;199;242mkkkk[38;2;116;200;243mO[38;2;170;225;253mK[38;2;157;218;248mK[38;2;138;207;242mO[38;2;118;197;236mk[38;2;96;185;230mx[38;2;19;64;86m.[38;2;93;93;93m [38;2;86;86;86m [38;2;70;70;70m [38;2;54;54;54m [38;2;39;39;39m [38;2;25;25;25m [38;2;11;11;11m [38;2;0;0;0m [38;2;99;125;139mc[38;2;180;230;255mXXXX[38;2;140;211;247m0[38;2;110;190;230mk[38;2;95;164;199md[38;2;75;136;166mc[38;2;75;142;175ml[38;2;92;172;212md[38;2;38;75;94m'[38;2;17;66;91m.[38;2;20;83;114m'[38;2;24;99;136m,[38;2;95;95;95m [38;2;87;87;87m [38;2;58;58;58m [38;2;25;25;25m [38;2;0;0;0m [38;2;0;0;0m [0m
[0m[38;2;0;0;0m  [38;2;3;11;15m [38;2;34;149;207mc[38;2;22;73;99m.[38;2;4;4;4m [38;2;1;3;3m [38;2;20;41;52m.[38;2;87;169;210md[38;2;91;186;233mx[38;2;83;181;230mx[38;2;75;176;227md[38;2;66;171;223md[38;2;58;166;221mo[38;2;65;170;222mo[38;2;80;177;225md[38;2;97;186;230mx[38;2;117;196;236mk[38;2;137;207;242mO[38;2;158;218;248mK[38;2;7;9;11m [38;2;0;0;0m      [38;2;3;7;9m [38;2;9;33;45m [38;2;95;158;189mo[38;2;111;193;234mk[38;2;94;184;229mx[38;2;82;177;225md[38;2;80;177;225md[38;2;76;175;224md[38;2;59;167;221mo[38;2;60;167;221mo[38;2;64;170;223mo[38;2;69;173;225md[38;2;76;175;225md[38;2;50;116;149m:[38;2;2;7;9m [38;2;25;25;25m [38;2;10;10;10m [38;2;0;0;0m      [0m
[0m[38;2;0;0;0m  [38;2;9;9;9m [38;2;62;62;62m [38;2;84;84;84m [38;2;85;85;85m [38;2;37;111;149m;[38;2;65;171;223md[38;2;72;175;226md[38;2;79;179;229md[38;2;87;183;232mx[38;2;95;188;235mx[38;2;104;194;238mk[38;2;112;198;242mk[38;2;45;65;75m.[38;2;173;173;173m [38;2;140;140;140m [38;2;112;112;112m [38;2;84;84;84m [38;2;59;59;59m [38;2;10;10;10m [38;2;0;0;0m  [38;2;4;12;16m [38;2;16;61;84m.[38;2;24;98;135m,[38;2;4;16;22m [38;2;88;88;88m [38;2;67;67;67m [38;2;49;49;49m [38;2;56;56;56m [38;2;94;94;94m [38;2;134;134;134m [38;2;172;172;172m [38;2;47;61;69m.[38;2;113;199;242mkkkkkk[38;2;98;171;208md[38;2;42;71;86m'[38;2;0;0;0m       [0m
[0m[38;2;0;0;0m     [38;2;43;73;88m'[38;2;111;194;236mk[38;2;113;199;242mkk[38;2;65;115;139m:[38;2;141;141;141m [38;2;101;101;101m [38;2;64;64;64m [38;2;29;29;29m [38;2;2;2;2m [38;2;0;0;0m      [38;2;6;21;28m [38;2;26;106;146m;[38;2;4;17;23m [38;2;55;55;55m [38;2;21;21;21m [38;2;0;0;0m [38;2;0;0;0m       [38;2;2;2;2m [38;2;27;27;27m [38;2;62;62;62m [38;2;99;99;99m [38;2;138;138;138m [38;2;58;101;123m;[38;2;113;199;242mkk[38;2;113;198;241mk[38;2;57;97;117m;[38;2;0;0;0m [38;2;0;0;0m     [0m
[0m[38;2;0;0;0m   [38;2;0;0;0m [38;2;61;104;125m;[38;2;69;121;146m:[38;2;137;137;137m [38;2;91;91;91m [38;2;48;48;48m [38;2;9;9;9m [38;2;0;0;0m          [38;2;9;31;42m [38;2;25;105;144m,[38;2;50;50;50m [38;2;1;1;1m [38;2;0;0;0m               [38;2;7;7;7m [38;2;45;45;45m [38;2;89;89;89m [38;2;133;133;133m [38;2;60;105;128m;[38;2;70;120;145m:[38;2;3;3;3m [38;2;0;0;0m    [0m
[0m[38;2;0;0;0m  [38;2;19;19;19m [38;2;16;26;32m [38;2;77;77;77m [38;2;11;11;11m [38;2;0;0;0m              [38;2;10;10;10m [38;2;14;14;14m [38;2;0;0;0m                     [38;2;9;9;9m [38;2;52;52;52m [38;2;77;77;77m [38;2;8;8;8m [38;2;0;0;0m   [0m
[0m[38;2;0;0;0m   [38;2;7;7;7m [38;2;0;0;0m                                              [0m
[0m[38;2;0;0;0m                                                  [0m
